Generasi 10: Best Fitness = 3.119760348783359e-05, Best Solution = [0.19610615 0.33529138 0.75827086 0.15925827 0.20805584 0.17053259
 0.07731243 0.79399797 0.21162546 0.9429902  0.9303525  0.2493095
 0.79429906 0.90341228 0.09677763 0.31653437]
67956.568054
{'best_fitness': [2.0173062687489664e-07, 2.015752907396005e-07, 2.8418744426559944e-05, 8.495906035272031e-05, 4.6423293758058324e-05, 8.77247314435937e-05, 9.588714382809552e-05, 2.9032379154697977e-05, 2.8643331004562647e-05, 3.119760348783359e-05], 'best_solution': [array([0.32582536, 0.37045971, 0.46955581, 0.18947136, 0.12992151,
       0.47570493, 0.22690935, 0.66981399, 0.43715192, 0.8326782 ,
       0.7002651 , 0.31236664, 0.8322598 , 0.80476436, 0.38747838,
       0.2883281 ]), array([0.32582536, 0.37045971, 0.46955581, 0.18947136, 0.12992151,
       0.47570493, 0.22690935, 0.66981399, 0.43715192, 0.8326782 ,
       0.7002651 , 0.31236664, 0.8322598 , 0.80476436, 0.38747838,
       0.2883281 ]), array([0.13610805, 0.        , 0.31968074, 0.43381661, 0.59008783,
       0.33054714, 0.        , 1.        , 0.50632196, 1.        ,
       0.82982053, 0.        , 0.41878369, 1.        , 0.10358634,
       0.04151933]), array([0.28747257, 0.28734854, 0.63096065, 0.07579187, 0.05197089,
       0.28134671, 0.09076773, 0.81437841, 0.21422093, 0.93306834,
       0.88010077, 0.22046629, 0.93290097, 0.92190231, 0.17439446,
       0.25799878]), array([0.28747257, 0.28734854, 0.63096065, 0.07579187, 0.05197089,
       0.28134671, 0.09076773, 0.81437841, 0.21422093, 0.93306834,
       0.88010077, 0.22046629, 0.93290097, 0.92190231, 0.17439446,
       0.25799878]), array([0.19219259, 0.29571984, 0.60738259, 0.05067139, 0.03474564,
       0.28833701, 0.06068365, 0.7621162 , 0.17314173, 0.95525219,
       0.83957059, 0.21500951, 0.95514029, 0.86237143, 0.18490227,
       0.25866849]), array([0.28747257, 0.28734854, 0.63096065, 0.07579187, 0.05197089,
       0.28134671, 0.09076773, 0.81437841, 0.21422093, 0.93306834,
       0.88010077, 0.22046629, 0.93290097, 0.92190231, 0.17439446,
       0.25799878]), array([0.03255639, 0.65125362, 0.60192445, 0.        , 0.        ,
       0.        , 0.12160786, 0.57188109, 0.        , 0.90507503,
       1.        , 0.4689315 , 1.        , 0.82869472, 0.14213033,
       0.45390026]), array([0.03255639, 0.65125362, 0.60192445, 0.        , 0.        ,
       0.        , 0.12160786, 0.57188109, 0.        , 0.90507503,
       1.        , 0.4689315 , 1.        , 0.82869472, 0.14213033,
       0.45390026]), array([0.19610615, 0.33529138, 0.75827086, 0.15925827, 0.20805584,
       0.17053259, 0.07731243, 0.79399797, 0.21162546, 0.9429902 ,
       0.9303525 , 0.2493095 , 0.79429906, 0.90341228, 0.09677763,
       0.31653437])]}
{'best_solution': array([0.19610615, 0.33529138, 0.75827086, 0.15925827, 0.20805584,
       0.17053259, 0.07731243, 0.79399797, 0.21162546, 0.9429902 ,
       0.9303525 , 0.2493095 , 0.79429906, 0.90341228, 0.09677763,
       0.31653437]), 'best_fitness': 3.119760348783359e-05, 'history': {'best_fitness': [2.0173062687489664e-07, 2.015752907396005e-07, 2.8418744426559944e-05, 8.495906035272031e-05, 4.6423293758058324e-05, 8.77247314435937e-05, 9.588714382809552e-05, 2.9032379154697977e-05, 2.8643331004562647e-05, 3.119760348783359e-05], 'best_solution': [array([0.32582536, 0.37045971, 0.46955581, 0.18947136, 0.12992151,
       0.47570493, 0.22690935, 0.66981399, 0.43715192, 0.8326782 ,
       0.7002651 , 0.31236664, 0.8322598 , 0.80476436, 0.38747838,
       0.2883281 ]), array([0.32582536, 0.37045971, 0.46955581, 0.18947136, 0.12992151,
       0.47570493, 0.22690935, 0.66981399, 0.43715192, 0.8326782 ,
       0.7002651 , 0.31236664, 0.8322598 , 0.80476436, 0.38747838,
       0.2883281 ]), array([0.13610805, 0.        , 0.31968074, 0.43381661, 0.59008783,
       0.33054714, 0.        , 1.        , 0.50632196, 1.        ,
       0.82982053, 0.        , 0.41878369, 1.        , 0.10358634,
       0.04151933]), array([0.28747257, 0.28734854, 0.63096065, 0.07579187, 0.05197089,
       0.28134671, 0.09076773, 0.81437841, 0.21422093, 0.93306834,
       0.88010077, 0.22046629, 0.93290097, 0.92190231, 0.17439446,
       0.25799878]), array([0.28747257, 0.28734854, 0.63096065, 0.07579187, 0.05197089,
       0.28134671, 0.09076773, 0.81437841, 0.21422093, 0.93306834,
       0.88010077, 0.22046629, 0.93290097, 0.92190231, 0.17439446,
       0.25799878]), array([0.19219259, 0.29571984, 0.60738259, 0.05067139, 0.03474564,
       0.28833701, 0.06068365, 0.7621162 , 0.17314173, 0.95525219,
       0.83957059, 0.21500951, 0.95514029, 0.86237143, 0.18490227,
       0.25866849]), array([0.28747257, 0.28734854, 0.63096065, 0.07579187, 0.05197089,
       0.28134671, 0.09076773, 0.81437841, 0.21422093, 0.93306834,
       0.88010077, 0.22046629, 0.93290097, 0.92190231, 0.17439446,
       0.25799878]), array([0.03255639, 0.65125362, 0.60192445, 0.        , 0.        ,
       0.        , 0.12160786, 0.57188109, 0.        , 0.90507503,
       1.        , 0.4689315 , 1.        , 0.82869472, 0.14213033,
       0.45390026]), array([0.03255639, 0.65125362, 0.60192445, 0.        , 0.        ,
       0.        , 0.12160786, 0.57188109, 0.        , 0.90507503,
       1.        , 0.4689315 , 1.        , 0.82869472, 0.14213033,
       0.45390026]), array([0.19610615, 0.33529138, 0.75827086, 0.15925827, 0.20805584,
       0.17053259, 0.07731243, 0.79399797, 0.21162546, 0.9429902 ,
       0.9303525 , 0.2493095 , 0.79429906, 0.90341228, 0.09677763,
       0.31653437])]}}